

楼面面积(m2)：

      层号	     面积

         1        4251.73

         2        4251.51

         3        4251.51

         4        2016.00

         5        2016.00

         6        2016.00

         7        2016.00

         8        2016.00

         9        2016.00

        10        2016.00

        11        2016.00

        12        2016.00

        13        2016.00

        14        2016.00

        15        2016.00

        16        2016.00

        17        2016.00

        18        2016.00

        19        2016.00

        20        2016.00

        21        2016.00

        22        1955.02

        23        2016.00

        24        2016.00

        25        2016.00

        26        2016.00

        27        2016.00

        28        2016.00

        29        2016.00

        30        2016.00

        31        2016.00

        32        2016.00

        33        1953.31

        34        2016.00

        35        2016.00

        36        2016.00

        37        2016.00

        38        2016.00

        39        2016.00

        40        2016.00

        41        2016.00

        42        2016.00

        43        2016.00

        44        2016.00

        45        2409.60

        46        2016.00

        47        2016.00

        48        2016.00

        49        2016.00

        50        2016.00

        51        2016.00

        52        2016.00

        53        2016.00

        54        2016.00

      合计       99712.68





梁钢筋用量(kg)：

      层号	 上部纵筋       下部纵筋           箍筋           腰筋         腰拉筋       附加吊筋       附加箍筋           合计          kg/m2

         1        22792.4        26487.5        22218.8         2754.0          719.3           19.1          478.9        75470.1          17.75

         2        37325.6        43050.7        30400.7         8646.2         2379.3          218.8         1992.2       124013.6          29.17

         3        56263.6        72086.1        55286.0        14765.2         4159.4          342.4         6280.6       209183.5          49.20

         4         6230.2         7448.8         9977.4         2577.4          745.8            0.0         1083.6        28063.2          13.92

         5         2258.7         2856.1         2354.4          652.5          138.6            0.0          588.8         8848.9           4.39

         6         2343.1         3268.8         2722.4          669.0          142.9            0.0          745.2         9891.4           4.91

         7         7054.9         8058.2         8443.0         2172.6          540.7            0.0         1108.4        27377.7          13.58

         8         2190.4         2783.3         2499.5          654.7          136.3            0.0          629.2         8893.4           4.41

         9         2190.4         2783.3         2499.5          654.7          136.3            0.0          629.2         8893.4           4.41

        10         2225.4         2740.5         2539.4          629.6          136.6            0.0          699.8         8971.4           4.45

        11         2199.5         3303.6         2713.7          704.4          141.0            0.0          634.7         9696.9           4.81

        12         2064.6         2810.8         2581.4          716.3          143.0            0.0          555.2         8871.2           4.40

        13         2591.1         3119.5         2969.1          607.1          160.1            0.0          742.9        10189.7           5.05

        14         2591.1         3119.5         2969.1          607.1          160.1            0.0          742.9        10189.7           5.05

        15         2591.1         3119.5         2969.1          607.1          160.1            0.0          742.9        10189.7           5.05

        16         2591.1         3119.5         2969.1          607.1          160.1            0.0          742.9        10189.7           5.05

        17         2591.1         3119.5         2969.1          607.1          160.1            0.0          742.9        10189.7           5.05

        18         2591.1         3119.5         2969.1          607.1          160.1            0.0          742.9        10189.7           5.05

        19         2558.8         3038.3         2967.4          601.3          160.2            0.0          741.1        10067.1           4.99

        20         2288.5         2918.4         2825.1          737.8          171.4            0.0          680.5         9621.7           4.77

        21         2885.8         3795.6         3064.2          673.4          166.7            0.0          764.7        11350.4           5.63

        22         6553.9         7327.4         8192.2         1778.9          489.3            0.0         1261.1        25602.8          13.10

        23         2961.9         3895.6         3154.4          694.3          154.9            0.0          787.4        11648.5           5.78

        24         3201.8         3769.3         3135.3          620.7          151.7            0.0          803.4        11682.1           5.79

        25         3201.8         3769.3         3135.3          620.7          151.7            0.0          803.4        11682.1           5.79

        26         3201.8         3769.3         3135.3          620.7          151.7            0.0          803.4        11682.1           5.79

        27         3201.8         3769.3         3135.3          620.7          151.7            0.0          803.4        11682.1           5.79

        28         3201.8         3769.3         3135.3          620.7          151.7            0.0          803.4        11682.1           5.79

        29         3201.8         3769.3         3135.3          620.7          151.7            0.0          803.4        11682.1           5.79

        30         3037.6         3591.4         2873.9          609.0          151.1            0.0          751.0        11013.9           5.46

        31         2976.5         3770.8         3175.0          735.0          166.2            0.0          707.0        11530.6           5.72

        32         3336.2         4271.8         2994.4          719.8          160.6            0.0          797.5        12280.3           6.09

        33         5015.4         5692.6         6486.0         1753.9          447.9            0.0          912.6        20308.5          10.40

        34         2749.3         4042.7         3326.2          715.2          160.7            0.0          912.3        11906.4           5.91

        35         2662.7         3407.5         2396.1          540.6          124.0            0.0          547.8         9678.6           4.80

        36         2662.7         3407.5         2396.1          540.6          124.0            0.0          547.8         9678.6           4.80

        37         2503.7         3268.5         2336.0          536.9          124.0            0.0          532.8         9301.9           4.61

        38         2274.6         3104.4         2167.0          480.6          105.3            0.0          416.0         8547.9           4.24

        39         2274.6         3104.4         2167.0          480.6          105.3            0.0          416.0         8547.9           4.24

        40         2274.6         3104.4         2167.0          480.6          105.3            0.0          416.0         8547.9           4.24

        41         2274.6         3104.4         2167.0          480.6          105.3            0.0          416.0         8547.9           4.24

        42         2274.6         3104.4         2167.0          480.6          105.3            0.0          416.0         8547.9           4.24

        43         2101.3         2923.0         2133.5          452.7          103.2            0.0          408.8         8122.5           4.03

        44         2225.4         3107.0         2167.3          578.5          113.2            0.0          395.7         8587.1           4.26

        45         1670.3         2708.1         2257.4          647.7          125.8            0.0          207.0         7616.2           3.16

        46         1986.7         2820.8         2814.7          924.3          233.1           35.3          247.0         9061.8           4.49

        47         1986.7         2820.8         2814.7          924.3          233.1           35.3          247.0         9061.8           4.49

        48         1986.7         2820.8         2814.7          924.3          233.1           35.3          247.0         9061.8           4.49

        49         1986.7         2820.8         2814.7          924.3          233.1           35.3          247.0         9061.8           4.49

        50         1986.7         2820.8         2814.7          924.3          233.1           35.3          247.0         9061.8           4.49

        51         1986.7         2820.8         2814.7          924.3          233.1           35.3          247.0         9061.8           4.49

        52         1986.7         2820.8         2814.7          924.3          233.1           35.3          247.0         9061.8           4.49

        53         1986.7         2820.8         2814.7          924.3          233.1           35.3          247.0         9061.8           4.49

        54         1986.7         2820.8         2814.7          924.3          233.1           35.3          247.0         9061.8           4.49

      合计       241445.5       298518.8       247257.5        58606.1        15092.6          615.7        37985.4       899521.7           9.02





柱钢筋用量(kg)：

      层号           纵筋           箍筋           合计          kg/m2

         1        21151.2        38463.7        59614.8          14.02

         2        19856.1        35159.0        55015.1          12.94

         3        40422.0        55205.4        95627.4          22.49

         4            0.0            0.0            0.0           0.00

         5            0.0            0.0            0.0           0.00

         6            0.0            0.0            0.0           0.00

         7            0.0            0.0            0.0           0.00

         8            0.0            0.0            0.0           0.00

         9            0.0            0.0            0.0           0.00

        10            0.0            0.0            0.0           0.00

        11            0.0            0.0            0.0           0.00

        12            0.0            0.0            0.0           0.00

        13            0.0            0.0            0.0           0.00

        14            0.0            0.0            0.0           0.00

        15            0.0            0.0            0.0           0.00

        16            0.0            0.0            0.0           0.00

        17            0.0            0.0            0.0           0.00

        18            0.0            0.0            0.0           0.00

        19            0.0            0.0            0.0           0.00

        20            0.0            0.0            0.0           0.00

        21            0.0            0.0            0.0           0.00

        22            0.0            0.0            0.0           0.00

        23            0.0            0.0            0.0           0.00

        24            0.0            0.0            0.0           0.00

        25            0.0            0.0            0.0           0.00

        26            0.0            0.0            0.0           0.00

        27            0.0            0.0            0.0           0.00

        28            0.0            0.0            0.0           0.00

        29            0.0            0.0            0.0           0.00

        30            0.0            0.0            0.0           0.00

        31            0.0            0.0            0.0           0.00

        32            0.0            0.0            0.0           0.00

        33            0.0            0.0            0.0           0.00

        34            0.0            0.0            0.0           0.00

        35            0.0            0.0            0.0           0.00

        36            0.0            0.0            0.0           0.00

        37            0.0            0.0            0.0           0.00

        38            0.0            0.0            0.0           0.00

        39            0.0            0.0            0.0           0.00

        40            0.0            0.0            0.0           0.00

        41            0.0            0.0            0.0           0.00

        42            0.0            0.0            0.0           0.00

        43            0.0            0.0            0.0           0.00

        44            0.0            0.0            0.0           0.00

        45            0.0            0.0            0.0           0.00

        46            0.0            0.0            0.0           0.00

        47            0.0            0.0            0.0           0.00

        48            0.0            0.0            0.0           0.00

        49            0.0            0.0            0.0           0.00

        50            0.0            0.0            0.0           0.00

        51            0.0            0.0            0.0           0.00

        52            0.0            0.0            0.0           0.00

        53            0.0            0.0            0.0           0.00

        54            0.0            0.0            0.0           0.00

      合计        81429.3       128828.1       210257.4           2.11



    基础插筋         6995.9





墙钢筋用量(kg)：

      层号	 边缘构件           墙身           墙梁           合计          kg/m2

         1        27242.6        24540.9         1087.0        52870.5           12.4

         2        34210.9        24770.4         1440.7        60422.1           14.2

         3       155628.5        56257.8         1583.3       213469.6           50.2

         4       237283.9        43086.2            0.0       280370.2          139.1

         5        79396.1         9848.4         6418.2        95662.7           47.5

         6        79405.4         9848.4         8343.4        97597.2           48.4

         7       159896.9        29762.2            0.0       189659.1           94.1

         8        36043.1        10734.2         9188.8        55966.2           27.8

         9        36043.1        10734.2         9188.8        55966.2           27.8

        10        36043.1        10734.2         8936.3        55713.6           27.6

        11        34018.9        11482.6        13489.7        58991.2           29.3

        12        38028.9        18975.3        10922.9        67927.1           33.7

        13        32287.7         8687.9        11614.9        52590.4           26.1

        14        32287.7         8687.9        11614.9        52590.4           26.1

        15        32287.7         8687.9        11614.9        52590.4           26.1

        16        32287.7         8687.9        11614.9        52590.4           26.1

        17        32287.7         8687.9        11614.9        52590.5           26.1

        18        32287.7         8687.9        11614.9        52590.4           26.1

        19        32287.7         8687.9         9246.2        50221.8           24.9

        20        32287.7         8687.9        10205.8        51181.4           25.4

        21        33574.3         8570.4         9673.2        51818.0           25.7

        22        61688.5        19771.4            0.0        81459.9           41.7

        23        52422.6        14400.7         8500.5        75323.9           37.4

        24        27370.8         8531.3         3958.0        39860.2           19.8

        25        27370.8         8531.3         3958.0        39860.2           19.8

        26        27370.8         8531.3         3958.0        39860.2           19.8

        27        27370.8         8531.3         3958.0        39860.2           19.8

        28        27370.8         8531.3         3958.0        39860.2           19.8

        29        27370.8         8531.3         3958.0        39860.2           19.8

        30        27370.8         8531.3         3429.3        39331.5           19.5

        31        27258.2         8552.3         3574.0        39384.6           19.5

        32        27296.8         8553.9         3215.2        39065.9           19.4

        33        54792.2        18916.2            0.0        73708.4           37.7

        34        43198.2        10701.4         3990.1        57889.6           28.7

        35        25019.2         7086.6         2240.5        34346.3           17.0

        36        25019.2         7086.6         2240.5        34346.3           17.0

        37        25019.2         7086.6         2190.4        34296.2           17.0

        38        13979.0         7409.9         2133.9        23522.7           11.7

        39        13979.0         7409.9         2133.9        23522.7           11.7

        40        13979.0         7409.9         2133.8        23522.7           11.7

        41        13979.0         7409.9         2133.9        23522.7           11.7

        42        13979.0         7409.9         2133.9        23522.7           11.7

        43        13979.0         7409.9         2022.7        23411.6           11.6

        44        13760.7         7487.7         1915.0        23163.4           11.5

        45        11654.6         9127.1         2148.6        22930.3            9.5

        46         7304.4         4580.5          236.3        12121.2            6.0

        47         7304.4         4580.5          236.3        12121.2            6.0

        48         7304.4         4580.5          236.3        12121.2            6.0

        49         7304.4         4580.5          236.3        12121.2            6.0

        50         7304.4         4580.5          236.3        12121.2            6.0

        51         7304.4         4580.5          236.3        12121.2            6.0

        52         7304.4         4580.5          236.3        12121.2            6.0

        53         7304.4         4580.5          236.3        12121.2            6.0

        54         7304.4         4580.5          236.3        12121.2            6.0

      合计      1895020.7       566377.9       239534.2      2700933.2           27.1





工程总计钢筋用量:3817708.2 kg

单位面积钢筋用量:38.29 kg/m2